最优目标函数的编码:
[1 1 1 7 6 6 1 3 2 4 6 7 7 8 2 2 6 5 7 9 9 7 4 9 8 2 0 4 5 2 5 9 7 2 0 8 3
 2 4 0 5 3 1 3 2 6 4 0 5 8 8 4 8 7 5 1 7 8 5 1 9 4 1 7 2 9 5 7 2 3 6 7 8 8
 4 5 4 1 2 9 5 0 1 0 9 1 3 8 1 7 8 4 6 7 7 9 1 2 7 3 7 3 5 0 4 8 3 3 2 7 7
 0 8 7 7 1 7 2 1 4 1 2 8 0 4 0 8 5 8 0 1 9 5 5 9 4 9 0 3 1 6 4 6 3 7 3 1 5
 0 7 0 4 1 9 1 9 2 1 7 8 5 1 8 7 2 3 3 8 6 3 7 2 9 6 8 7 3 3 5 9 3 0 4 0 3
 2 6 3 5 3 1 1 3 0 2 0 2 1 4 1 9 6 3 8 0 8 6 7 3 3 9 2 3 5 2 0 2 5 4 2 2 1
 6 2 6 4 3 0 7 6 6 6 7 8 1 3 1 1 5 9]
最优目标函数的30项的系数:
[ 5.88923432e-054 -3.55162646e-081  8.10822240e-116 -1.22657497e-078
  1.36241647e-060  2.46536019e-057 -6.59289069e-100  1.42998183e-081
  1.04688675e-089 -5.51287742e-082 -3.16295188e-051 -4.33369405e-106
  2.57199104e-058 -5.02971085e-082 -7.04698966e-073  2.91546781e-059
 -9.62326217e-096 -1.25322038e-071  2.05314743e-063  7.61291738e-082
 -6.36731767e-082 -6.60414997e-101 -1.97354678e-059 -3.65061212e-049
  6.68377438e-029 -1.24055654e-110  6.85758808e-061  4.95774280e-053
  4.33467527e-080 -6.90752403e-076]
最优目标函数的适应度:
24.05984480711833



最优目标函数的编码:
[1 5 8 0 9 3 2 2 2 6 1 4 1 0 3 5 8 8 3 4 6 8 3 3 4 9 6 0 3 0 6 6 4 2 7 1 4
 6 8 0 8 0 2 8 4 8 0 3 1 7 6 3 6 2 0 1 5 1 4 8 6 2 2 4 6 2 9 3 9 8 8 4 8 1
 8 5 6 0 8 5 0 6 5 9 5 1 8 7 3 3 2 1 4 9 3 7 4 8 2 8 7 5 6 2 1 5 0 1 1 0 5
 7 7 8 5 6 4 6 0 8 5 0 4 7 0 0 7 8 5 2 8 9 4 8 4 0 5 1 9 1 5 9 7 4 6 8 6 8
 2 7 8 9 1 8 3 7 0 7 0 5 0 3 1 4 9 8 8 4 2 9 5 4 4 6 4 8 6 0 5 9 4 5 9 5 4
 0 8 9 5 6 1 6 4 9 7 1 3 6 9 1 4 4 4 8 4 1 0 4 4 4 2 7 3 7 3 0 3 7 1 9 6 2
 4 9 6 1 3 4 2 4 3 0 2 9 1 6 1 9 9 9]
最优目标函数的30项的系数:
[ 2.06563369e-058  2.56477293e-045 -4.49395372e-095 -2.67710531e-070
  1.45926814e-074  3.27309031e-075  5.66646414e-051  1.84911915e-065
 -1.06762103e-106 -2.33787107e-087 -9.88991365e-087  1.42043541e-071
 -8.23470718e-092  2.06388643e-044  1.18605192e-091  1.67392490e-071
 -6.72256885e-092  5.43138090e-094 -4.18011511e-122  8.46354270e-071
 -1.02730142e-079  5.26262808e-090  2.56138514e-099 -1.01408593e-084
 -2.91078063e-094 -4.50022242e-057  2.28284140e-069  1.27431991e-083
  1.10317914e-053 -1.11241068e-108]
最优目标函数的适应度:
1177.320677884347



最优目标函数的编码:
[0 1 9 4 7 1 3 4 7 5 9 4 6 0 4 7 9 7 4 6 9 2 5 2 9 3 7 4 1 6 6 1 6 0 5 8 6
 4 1 2 1 1 4 5 1 4 2 7 0 1 0 1 5 5 2 2 7 1 7 9 2 6 4 3 4 5 8 4 4 5 9 9 6 4
 1 2 2 1 8 4 0 2 3 3 9 3 8 3 5 9 3 3 2 4 4 1 7 0 5 1 4 5 2 7 4 8 9 3 0 2 0
 5 1 9 0 7 5 5 9 9 6 4 6 1 8 4 6 4 6 8 8 3 1 3 6 9 7 1 3 0 9 1 0 4 9 8 6 1
 8 3 1 8 6 3 6 1 4 9 5 9 7 2 5 2 2 6 1 0 4 2 8 9 7 5 0 7 5 6 6 5 4 4 9 5 9
 9 0 8 4 2 8 0 4 5 9 9 5 2 6 5 7 4 0 5 9 8 2 8 0 8 9 5 1 8 9 8 6 8 1 7 5 8
 7 5 0 5 7 5 8 9 0 5 5 8 5 3 4 2 4 2]
最优目标函数的30项的系数:
[-5.62699159e-055 -2.95617109e-083  1.10723998e-090 -3.94099828e-088
 -1.60764970e-068  1.66747762e-055  1.80067476e-034  7.30719344e-090
 -5.67729725e-106  1.82392795e-062  1.95952139e-063  1.22867562e-070
  1.36843433e-067  3.06459047e-069  1.29699946e-103  1.29875417e-080
 -6.27749503e-097 -6.35047899e-045 -9.00804288e-085 -9.62356052e-097
  1.80524496e-057  7.17663404e-084  6.91069601e-097  3.14102700e-094
  7.32249955e-095 -1.49780706e-094  8.06113428e-112 -6.30732841e-105
  2.39449136e-080 -5.91953334e-070]
最优目标函数的适应度:
1183.6110575624714



最优目标函数的编码:
[9 3 6 1 0 2 3 9 4 8 2 4 0 5 0 2 4 5 0 0 5 2 4 2 0 1 6 7 0 0 9 0 4 8 7 4 3
 1 9 4 5 9 6 0 1 7 3 0 2 9 3 6 0 7 7 0 0 7 9 3 5 9 4 1 2 6 5 9 4 9 0 4 1 2
 5 5 5 9 2 1 5 3 3 4 3 6 2 3 6 8 7 2 2 5 2 0 4 1 2 6 0 4 2 4 1 0 3 4 4 6 2
 6 4 4 4 3 6 6 3 1 0 0 3 9 5 3 1 1 7 6 4 9 3 8 6 6 1 5 6 5 3 4 8 1 5 0 3 1
 1 9 4 1 3 3 4 7 1 9 8 1 0 5 2 1 9 1 1 9 8 1 5 5 5 2 2 9 8 8 8 1 2 8 2 5 2
 7 9 8 9 7 3 9 5 3 1 0 1 6 0 4 3 2 0 6 2 8 9 1 7 0 2 2 5 0 9 4 2 0 8 1 3 5
 7 2 4 8 2 3 7 3 1 2 7 0 3 5 8 7 2 7]
最优目标函数的30项的系数:
[ 1.67898562e-073  2.22238379e-058 -1.82880367e-048  1.28452051e-056
  4.10226676e-088 -2.30504946e-074 -4.45899031e-085  1.57231928e-085
 -7.50892231e-085 -9.01219665e-067  1.01885985e-063  6.10353425e-073
 -2.76060845e-055  8.11723911e-057  1.47435912e-066  6.28021414e-046
  5.36297475e-111 -6.85463435e-076  4.09934041e-061  1.63077484e-088
  2.30167085e-047 -2.51033459e-075 -2.59515086e-093 -5.71207658e-111
 -3.22639670e-046  4.74013494e-078  7.15019654e-066 -3.98537689e-066
 -2.34650918e-059 -1.38595411e-082]
最优目标函数的适应度:
877.7443600047744



最优目标函数的编码:
[6 0 9 0 3 5 7 8 6 9 2 6 9 0 3 9 2 5 7 0 6 8 1 7 9 9 9 6 4 3 9 5 2 5 5 0 5
 2 0 3 1 2 4 9 3 4 1 2 4 2 9 3 2 6 5 4 5 5 6 2 0 3 1 9 9 3 9 8 6 3 9 6 4 7
 8 0 8 4 0 8 3 1 3 9 1 1 5 8 1 7 7 9 5 9 8 3 2 3 6 7 2 3 0 8 7 3 0 9 7 9 5
 1 7 9 6 3 8 2 7 2 4 6 8 6 1 0 3 7 2 0 1 1 1 4 3 7 8 6 6 3 2 7 5 5 9 8 4 4
 4 0 1 4 4 5 1 7 6 5 0 4 0 7 3 9 2 2 3 6 6 7 9 7 1 0 0 9 7 9 0 8 3 9 9 6 7
 5 6 0 4 0 4 5 1 9 5 6 7 7 1 3 8 3 0 0 0 9 3 0 4 5 5 2 2 8 9 7 4 9 9 9 2 6
 4 9 5 1 8 4 7 2 6 4 7 3 4 2 2 6 7 4]
最优目标函数的30项的系数:
[ 3.42241390e-120 -5.56874319e-119 -2.72706274e-121  1.29479756e-119
  3.69470230e-126  3.17602188e-175  1.19224748e-144  2.71727976e-158
  1.80005129e-115 -1.57405891e-150  1.70486040e-156  5.00345406e-113
  2.17581471e-161 -4.84619156e-131 -1.03139828e-131 -1.16436418e-152
  2.16765101e-179 -1.35929616e-130 -7.26500781e-156 -1.39510576e-159
  2.50816259e-157 -1.36686177e-145  6.60622169e-123 -2.01768574e-162
  4.89163696e-143 -3.19115301e-165  1.10282992e-126  1.03635111e-115
  1.32657908e-148  3.90647894e-143]
最优目标函数的适应度:
1484.2838751190889



最优目标函数的编码:
[9 2 0 6 2 2 2 6 6 8 2 9 3 0 6 6 2 1 4 6 1 2 4 8 3 2 7 4 6 9 1 2 9 6 0 5 1
 8 8 1 7 7 0 2 1 1 5 8 9 0 1 6 0 8 1 7 4 7 1 1 0 2 4 2 9 3 3 7 5 8 2 2 7 0
 3 6 3 9 5 4 1 3 3 9 8 8 7 2 1 2 2 4 7 6 4 3 6 1 3 1 8 5 8 8 9 9 2 0 7 5 5
 9 0 0 5 9 5 7 3 8 8 4 1 8 3 5 0 5 7 9 0 9 2 3 7 4 6 3 2 2 6 9 1 9 9 9 1 5
 0 7 3 2 1 2 5 4 8 1 8 4 9 8 2 8 6 5 2 8 8 6 8 1 2 1 3 9 6 7 2 0 8 1 8 6 9
 7 6 8 3 0 2 5 7 5 1 1 1 3 0 1 9 5 0 6 4 9 0 8 3 2 6 6 1 2 0 6 7 0 7 4 3 2
 7 9 8 6 8 6 3 0 1 9 9 5 1 8 1 9 7 0]
最优目标函数的30项的系数:
[ 2.13414601e-091 -1.16565902e-087  8.01545135e-089  2.56655386e-091
  3.11106688e-096 -3.42143596e-093  5.04838679e-094  2.66761204e-098
 -9.89741495e-088  7.03861287e-088  1.55468803e-091 -1.38986325e-101
  3.31191252e-086 -2.63829850e-096  3.52665001e-092  2.84531820e-100
 -1.99676326e-096  5.33038487e-091 -3.78997438e-086  1.36597844e-105
  4.68690982e-100  6.09747618e-093 -3.77583221e-097 -1.67806445e-089
 -9.15511242e-130 -1.59336018e-094  8.08694430e-118 -1.75852532e-087
  1.33612707e-089  4.33716311e-099]
最优目标函数的适应度:
1176.6076588821388



最优目标函数的编码:
[9 7 7 0 5 8 6 7 8 3 7 7 6 8 3 3 3 7 0 4 1 7 2 5 3 9 2 5 8 4 8 7 4 2 4 1 1
 9 2 4 3 4 6 9 1 8 0 8 1 1 5 4 9 8 0 2 5 0 4 4 4 0 8 1 7 3 3 4 8 4 0 6 0 3
 3 2 9 8 1 9 1 6 1 4 3 9 0 5 9 7 7 2 5 2 9 2 8 1 4 7 7 9 4 8 4 6 7 6 2 0 6
 9 4 5 3 1 8 1 1 9 4 9 1 9 3 9 4 9 3 5 0 6 5 2 7 7 3 3 3 3 9 2 4 5 6 2 6 3
 4 7 4 9 7 0 4 3 0 9 6 1 7 0 6 1 0 1 5 3 8 9 0 6 2 6 2 8 7 4 3 1 6 8 2 0 6
 4 7 6 4 6 9 2 8 4 0 7 3 7 5 1 4 7 8 1 6 1 0 9 5 6 2 2 4 6 3 6 7 3 8 7 2 8
 6 0 0 8 2 1 5 3 0 4 7 0 8 7 5 6 8 1]
最优目标函数的30项的系数:
[-1.69456776e-108 -3.72637726e-099 -3.38618992e-103 -3.00479275e-096
 -1.16153977e-107  5.85208947e-104 -1.05808226e-109  8.64249684e-112
  1.94881082e-111  5.92282391e-111  2.82300284e-122 -2.12274854e-096
  6.94745917e-105  4.41116744e-106  1.56852403e-133  5.32181225e-108
  3.96198874e-113 -5.48511283e-132  3.39047745e-101 -1.72386796e-114
 -4.19828729e-138  5.33478620e-095 -2.00736673e-122  6.12364252e-101
  2.14966645e-105  2.27961162e-123  1.37706569e-118  1.23345271e-097
 -2.19572103e-148  1.88555100e-098]
最优目标函数的适应度:
1421.732681500243



最优目标函数的编码:
[1 4 6 3 0 9 5 9 2 8 3 6 8 1 6 8 5 2 1 3 9 6 3 8 9 8 1 9 1 1 9 4 6 6 4 6 7
 7 6 5 7 4 9 3 6 4 6 8 7 1 2 3 6 3 0 0 1 8 5 6 8 0 1 5 0 8 2 8 6 4 8 0 6 5
 8 0 2 4 9 1 3 5 3 5 4 8 0 0 8 1 0 3 8 3 9 9 3 6 4 7 7 6 6 9 2 2 1 0 8 7 2
 7 3 2 3 8 0 4 2 1 4 5 7 9 1 6 1 0 9 9 5 8 0 5 3 9 8 4 9 1 3 0 4 8 5 9 9 9
 9 2 5 3 1 1 4 2 5 3 9 8 7 5 7 6 2 1 1 7 5 8 7 6 7 1 0 6 0 1 2 8 4 0 2 6 5
 9 4 4 9 8 8 0 1 8 2 3 1 5 9 5 0 5 1 9 9 2 1 8 1 1 5 1 0 0 8 6 1 9 1 4 5 6
 7 5 9 9 9 2 9 4 0 6 5 0 8 7 5 1 7 2]
最优目标函数的31项的系数,最后一项是常数作为偏移量:
[-2.31237860e-098  6.95070633e-098  1.70296757e-096  2.43411036e-096
  9.41892969e-101  4.16123547e-101 -1.58737876e-102 -7.56905488e-107
 -2.33852674e-106 -1.54211313e-104  3.50715181e-109  1.57947984e-093
 -2.39585864e-101  6.23373138e-128 -2.78549697e-132 -1.42632579e-109
  1.68224977e-108 -1.02489588e-109  5.87027793e-106  1.26073286e-114
 -6.40363313e-112 -8.07240097e-112 -3.04037169e-142 -5.51547073e-105
 -1.09126142e-106 -2.75784026e-122 -1.10206490e-134 -3.04329186e-103
 -1.72089323e-094 -1.06270469e-111 -4.22864117e-187]
最优目标函数的适应度:
1490.9230212886828



最优目标函数的编码:
[8 4 6 4 3 5 1 9 7 4 7 3 0 1 8 6 3 5 9 1 8 5 7 4 9 9 8 1 6 9 3 0 6 2 6 0 2
 6 0 4 8 3 5 4 1 9 2 8 3 1 5 2 3 6 2 9 7 5 7 1 8 2 7 9 8 6 8 2 5 5 2 1 7 4
 6 5 4 1 0 8 6 3 3 0 0 0 0 5 5 2 3 0 3 5 6 2 9 5 7 7 0 5 0 5 8 6 0 8 0 6 9
 1 9 4 8 4 2 1 1 2 5 7 3 0 4 4 4 0 4 9 5 9 9 4 1 5 6 2 7 5 3 7 1 6 7 7 1 1
 7 5 3 6 7 7 3 0 5 8 9 9 5 2 4 8 8 8 9 5 8 3 9 9 2 2 4 8 9 2 8 4 2 9 3 5 6
 8 8 2 7 5 8 6 3 6 5 3 0 2 4 9 3 6 5 5 9 2 4 9 2 0 9 7 2 8 9 7 6 2 9 2 6 4
 7 6 5 2 8 9 5 9 8 1 9 8 1 7 3 7 8 2]
最优目标函数的31项的系数,最后一项是常数作为偏移量:
[-1.58741354e-101  3.24351622e-101 -5.44216537e-102 -1.26962305e-101
 -6.59222296e-103  1.64360638e-102  2.54727997e-105 -8.32221597e-101
  3.16964485e-112 -1.16468433e-112 -2.08712514e-112  2.79824507e-132
  1.91494819e-109  1.88394494e-096  1.62778091e-128  1.11466711e-134
  1.65877767e-102  1.92424420e-114  3.90946166e-119  5.47533674e-108
 -3.77475216e-109 -1.14831522e-097  1.03531008e-096 -4.73478874e-108
  1.46518284e-124 -8.52663569e-111  2.59224600e-105  7.56574955e-105
  3.83195100e-109  1.44002310e-105  7.19827267e-194]
最优目标函数的适应度:
1250.2820912698937



最优目标函数的编码:
[0 2 0 0 4 1 2 3 2 3 3 4 1 2 0 0 3 0 2 2 4 4 2 1 4 4 4 1 0 3 0 0 1 1 4 3 3
 0 0 4 1 4 4 4 1 0 3 1 4 0 1 4 1 3 2 2 1 0 1 1 0 4 2 3 3 1 2 4 3 4 0 2 0 2
 2 4 3 4 1 1 1 1 0 3 1 4 4 0 0 4 2 2 1 4 0 0 1 4 3 1 0 4 1 2 0 1 1 4 0 3 1
 1 2 1 0 4 2 3 3 0 3 0 1 3 0 0 4 0 4 1 0 0 3 4 0 3 0 2 3 2 0 2 1 1 1 4 1 1
 0 1 4 2 4 1 2 0 2 4 1 0 2 0 4 1 3 2 2 1 0 2 0 0 3 0 0 2 3 1 3 1 4 3 3 0 0
 3 4 1 0 3 1 4 4 3 2 3 4 0 3 3 3 3 3 0 3 4 0 4 1 2 3 1 4 1 3 3 3 4 0 0 3 4
 3 3 4 1 2 0 0 0 1 3 0 4 4 2 3 1 2 3]
最优目标函数的31项的系数,最后一项是常数作为偏移量:
[ 2.54627117e-36  5.91625643e-33 -5.76327204e-40 -1.69267213e-37
  4.20595930e-36 -1.04832146e-39  1.84862091e-39  2.84900308e-34
 -1.10838744e-39  1.18897396e-37  8.23533752e-35 -2.11813694e-35
  8.68185361e-38  2.14346593e-38 -1.56487746e-35  3.06000687e-36
  4.29654214e-34  4.25461112e-40  1.78865401e-32  8.80636962e-32
  1.08949859e-31  1.23307223e-47 -6.39423563e-39  3.84780429e-38
  6.39084577e-44 -3.99762973e-41  6.20713288e-35  4.92542205e-47
  1.59626390e-41 -1.35066783e-37  5.86878443e-64]
最优目标函数的适应度:
680.9703821527083



最优目标函数的编码:
[0 2 0 2 1 2 2 2 1 0 1 1 4 2 0 3 3 2 0 4 1 4 1 3 3 1 0 1 0 0 0 0 2 1 4 0 4
 2 3 0 0 1 0 0 0 2 1 1 0 2 1 3 3 2 1 2 3 3 3 0 3 2 0 4 2 1 1 2 1 1 1 0 4 3
 4 4 3 2 0 1 1 0 2 4 2 0 2 2 4 4 3 1 0 0 3 2 3 0 0 3 2 1 2 2 4 4 3 0 3 1 0
 2 3 2 2 0 2 3 1 1 0 0 3 4 3 4 0 4 1 2 2 1 4 3 3 2 1 2 3 1 4 2 0 1 0 4 0 3
 1 2 0 4 3 0 1 4 2 0 4 3 2 0 0 2 4 2 3 1 0 3 0 1 2 4 3 1 4 0 0 2 1 3 4 1 2
 3 4 1 1 4 1 3 0 4 0 3 1 0 4 0 3 4 2 2 4 1 2 3 3 3 0 1 2 3 3 1 4 2 0 4 4 0
 0 0 4 0 0 2 0 2 4 0 1 2 1 2 4 4 2 2]
最优目标函数的31项的系数,最后一项是常数作为偏移量:
[-2.63584827e-34 -4.95873617e-32  4.65103526e-43  8.17168336e-34
  9.13551728e-35  1.45409554e-37  5.78355831e-33 -1.02256989e-34
 -1.07868778e-37  5.93719019e-44  9.32989312e-34  1.15607200e-38
 -2.67470177e-32 -3.14564066e-32  1.81074373e-29  9.35122622e-38
 -3.24302852e-37 -1.23477364e-33 -2.01247906e-30  5.14375927e-37
 -6.54784593e-31  1.15196566e-32  5.33030024e-38  3.50427044e-42
  1.33195552e-32  6.12869644e-41 -1.00236794e-38  1.36752361e-32
  1.34196957e-31  2.81423510e-39  7.90532195e-60]
最优目标函数的适应度:
454.8201843919409



最优目标函数的编码:
[0 4 4 2 3 0 4 0 2 1 1 0 4 0 0 0 2 1 3 4 4 3 0 2 2 1 1 2 4 1 3 4 0 2 1 3 4
 2 1 4 1 4 3 1 0 3 3 1 2 4 0 1 3 2 4 0 3 0 3 0 4 3 3 4 4 1 2 2 0 3 4 0 1 0
 2 0 4 4 3 0 0 1 0 1 2 4 1 2 0 0 4 0 1 0 0 1 3 4 0 4 4 1 1 3 1 3 3 3 0 1 3
 0 0 3 3 4 4 2 3 0 4 4 2 2 0 1 2 2 0 2 0 2 3 2 4 4 1 3 1 4 0 1 0 2 0 4 3 0
 0 2 4 1 0 0 3 0 2 3 0 1 2 2 4 1 4 0 3 1 3 4 3 0 3 0 1 2 1 4 0 1 1 2 2 1 1
 0 2 2 1 3 3 1 2 2 0 4 1 0 1 2 0 3 3 0 4 0 4 4 3 4 0 3 4 1 0 1 2 1 4 3 3 0
 3 1 1 4 4 0 3 4 0 4 1 2 3 4 2 2 1 1]
最优目标函数的31项的系数,最后一项是常数作为偏移量:
[-8.51764716e-36  1.88992411e-30 -1.07308499e-37  4.54537427e-36
  2.51016158e-32 -8.37935070e-38  9.15939041e-37 -1.47316864e-42
  4.06667037e-40  5.88942677e-32  2.66189281e-31 -5.09826964e-36
 -5.33733671e-41  3.66350434e-33  2.53557298e-40  4.77486675e-38
  8.06792266e-37  2.10906831e-31  2.28519952e-33 -1.32218025e-38
  1.51653532e-33 -1.15892986e-30  1.48414610e-27  1.45881442e-30
  4.86077224e-30 -1.85060199e-34  5.95325215e-34  1.38673851e-34
  2.05094500e-41  1.31659094e-34  3.28820876e-56]
最优目标函数的适应度:
804.2246428369747



最优目标函数的编码:
[3 1 0 4 0 3 3 0 1 4 3 3 2 2 0 4 1 4 0 2 0 0 1 3 3 2 1 3 2 3 1 3 2 0 1 4 1
 2 1 0 3 0 1 0 0 1 4 2 0 3 3 3 0 1 2 2 2 0 2 2 4 0 3 4 2 0 3 2 4 0 4 3 1 4
 2 2 4 1 4 2 1 1 1 4 2 4 4 0 1 1 3 1 2 1 0 4 0 0 3 0 4 2 3 3 3 1 0 4 0 0 1
 1 0 1 4 0 0 4 3 0 2 2 0 1 3 1 0 3 1 2 2 4 4 1 2 3 1 1 0 2 2 4 2 1 0 1 2 3
 4 4 4 0 2 4 1 4 0 4 2 1 3 2 1 0 3 3 0 4 2 3 1 3 0 4 4 0 2 1 4 2 1 2 3 3 3
 3 2 3 0 3 3 1 4 1 1 2 2 2 0 4 2 0 4 1 1 3 2 2 1 3 4 0 3 2 1 4 2 1 4 2 3 0
 1 0 1 4 3 0 1 2 1 0 3 4 3 2 2 1 3 2]
最优目标函数的31项的系数,最后一项是常数作为偏移量:
[ 2.12739839e-35 -7.46253041e-40  4.18765772e-35  3.16889152e-40
  1.73965111e-34  3.96136872e-33 -1.39195599e-31  2.05841961e-33
  2.04104177e-36  6.52067782e-41  6.56957847e-40 -1.29705297e-36
 -5.66399460e-30 -3.51952040e-39  4.69464887e-31  3.08406413e-37
 -9.15775310e-37  2.27916632e-30 -3.69502557e-40  5.84319973e-44
  2.18031030e-32 -7.07390529e-43 -1.90109660e-40  8.92753539e-43
  6.53924849e-33  4.41555965e-34  2.13045912e-35  2.20161676e-35
 -6.64742499e-35 -1.60826047e-42  6.63923484e-61]
最优目标函数的适应度:
601.7884860034231



最优目标函数的编码:
[1 0 1 0 1 0 1 2 0 0 0 1 0 1 2 1 0 1 2 2 1 1 1 0 2 1 1 1 0 2 2 2 1 0 0 2 2
 1 2 2 0 2 2 0 0 1 1 1 2 0 0 1 0 1 1 0 1 2 0 2 1 1 1 2 1 2 1 1 1 0 2 2 0 0
 2 0 0 2 2 2 2 0 2 0 1 0 1 0 1 1 0 1 1 2 2 2 2 1 0 1 1 2 0 0 1 2 2 2 2 0 2
 2 2 1 1 1 1 2 1 1 0 2 1 1 0 0 0 0 1 0 0 1 0 0 2 1 0 1 0 2 0 2 0 1 0 2 0 2
 0 1 0 1 0 0 1 0 2 2 2 2 2 0 0 1 0 1 1 2 0 1 1 1 2 2 1 2 0 1 1 1 1 2 2 2 2
 0 1 2 2 1 0 0 0 2 2 1 0 0 1 2 1 0 0 0 0 1 2 0 0 0 0 0 1 2 1 1 1 0 0 0 2 2
 1 0 0 0 0 1 0 0 2 0 0 0 1 2 1 0 2 1]
最优目标函数的31项的系数,最后一项是常数作为偏移量:
[-2.59294181e-12 -2.47990324e-13  5.84555131e-18 -4.69191703e-26
 -2.34295429e-21  1.35976499e-15  1.17286140e-12  1.17700955e-21
  1.30317080e-20  4.36586709e-20  1.34338932e-12 -9.67079599e-23
  3.98427773e-16 -5.29898797e-27  4.81134395e-22 -1.16083410e-14
  4.58408403e-12  1.50617827e-14  2.46873470e-15 -2.17336385e-19
 -1.69354086e-17 -8.59292132e-20  1.19799951e-21 -2.85396171e-16
 -2.15182194e-16  2.41139363e-11  8.42594328e-11 -8.67952134e-14
  1.08009347e-13 -6.58746564e-15  1.21729188e-21]
最优目标函数的适应度:
94.8660435262326



最优目标函数的编码:
[1 1 0 1 0 0 1 1 0 0 0 1 1 1 1 0 1 1 1 0 0 0 0 1 1 1 1 1 0 0 1 0 0 1 0 0 0
 1 0 1 1 0 1 0 1 0 1 1 1 0 0 0 1 1 0 1 1 0 0 1 0 1 0 0 1 1 0 1 1 0 1 1 0 1
 1 1 1 0 1 0 0 0 0 1 0 1 1 0 0 0 1 0 1 0 0 0 0 1 0 0 1 1 1 0 1 1 1 0 0 1 0
 0 1 0 0 1 1 0 1 1 0 0 0 1 1 0 1 0 1 1 0 0 0 1 0 0 1 1 1 0 0 0 1 0 1 0 0 0
 0 1 0 0 0 1 0 0 0 0 0 0 1 0 0 1 0 0 0 0 1 1 0 0 0 0 0 1 0 0 1 0 0 1 0 1 0
 0 0 1 1 1 1 1 1 0 0 0 0 1 1 1 0 1 0 0 1 0 1 0 1 0 1 0 0 0 1 1 0 0 1 0 1 0
 1 1 0 1 0 0 1 0 1 1 0 1 1 0 0 0 1 0]
最优目标函数的31项的系数,最后一项是常数作为偏移量:
[ 8.36595867e-11  2.42884320e-08  3.40330231e-08 -2.25826925e-11
  5.13742545e-07  5.20350250e-10 -3.57737788e-08 -1.01629637e-06
  1.90776839e-12 -1.26245921e-10 -1.22012215e-07 -1.62668380e-03
  5.81698832e-10 -8.41489631e-09 -1.93025233e-10 -2.22265634e-05
  1.20067248e-07  1.24317051e-08  1.66483173e-04  2.01557880e-02
  5.88533219e-04 -1.26856397e-05 -2.28373989e-07  2.18071984e-10
  2.69524891e-10 -2.32174296e-06  9.21371326e-09 -1.89739538e-07
  5.55013027e-08  8.21520259e-07  1.46946383e+01]
最优目标函数的适应度:
68.41891665183854